>> Wynik sortowania przez heap-sort

1744509513
975
982
968
964
981
982
938
967
929
952
925
885
743
969
932
812
951
930
907
892
803
882
907
868
869
883
558
639
388
859
694
901
793
673
850
917
678
730
841
831
761
868
779
755
801
790
903
566
855
349
864
809
745
806
461
342
514
362
299
285
599
426
407
568
892
703
756
603
315
576
787
816
738
733
553
294
627
450
689
507
699
653
665
683
824
852
449
475
615
727
217
560
531
595
517
861
319
335
802
511
237
332
189
578
317
509
712
296
281
338
118
388
51
92
444
340
285
251
91
21
256
110
177
368
316
153
112
373
56
51
803
670
521
171
551
604
263
7
28
60
574
407
498
245
98
355
133
164
406
446
491
350
77
25
277
43
305
148
403
151
167
265
406
654
426
379
449
193
341
287
210
691
745
791
280
378
252
256
310
591
259
352
98
117
153
66
485
525
548
70
307
481
53
594
247
79
14
94
400
