>> Wynik sortowania przez wstawienie

7
14
21
25
28
43
51
51
53
56
60
66
70
77
79
91
92
94
98
98
110
112
117
118
133
148
151
153
153
164
167
171
177
189
193
210
217
234
237
245
247
251
252
256
256
259
263
265
277
280
281
285
285
287
294
296
299
305
307
310
315
316
317
319
332
335
338
340
341
342
349
350
352
355
362
368
373
378
379
388
388
400
403
406
406
407
407
426
426
444
446
449
449
450
461
475
481
485
491
498
507
509
511
514
517
521
525
531
548
551
553
558
560
566
568
574
576
578
591
594
595
599
603
604
615
627
639
653
654
665
670
673
678
683
689
691
694
699
703
712
727
730
733
738
743
745
745
755
756
761
779
787
790
791
793
801
802
803
803
806
809
812
816
824
831
841
850
852
855
859
861
864
868
868
869
882
883
885
892
892
901
903
907
907
917
925
929
930
932
938
951
952
964
967
968
969
975
981
982
982
