234
21
171
861
112
548
925
153
407
305
791
449
400
578
92
982
373
574
245
277
841
929
591
882
14
855
809
806
558
340
110
982
694
892
793
812
816
446
678
930
689
654
761
852
803
755
801
525
307
566
868
349
189
885
745
281
118
743
514
251
91
969
177
316
968
568
932
703
604
7
28
576
787
355
738
733
491
77
627
148
403
265
406
653
449
341
691
745
779
475
615
259
217
66
485
70
481
594
79
335
802
511
237
332
869
864
317
509
712
296
883
338
461
388
51
342
444
639
285
362
388
299
256
285
599
368
859
426
407
938
56
51
803
670
521
901
551
756
263
603
315
60
673
975
498
850
98
951
133
164
406
917
553
350
294
25
967
43
450
730
907
151
167
507
831
699
426
379
665
193
683
287
210
824
892
868
280
378
252
256
310
964
727
352
98
117
153
560
952
531
595
790
517
907
53
903
247
319
981
94
